8.242
8.242
8.242
8.242
8.242
8.242
8.242
8.242
8.242
8.242
8.242
8.242
8.242
8.242
8.242
156.593
156.593
156.593
156.593
156.593
156.593
156.593
156.593
156.593
156.593
156.593
156.593
321.429
321.429
321.429
321.429
321.429
321.429
321.429
321.429
321.429
321.429
321.429
453.297
453.297
453.297
453.297
453.297
453.297
453.297
453.297
453.297
453.297
453.297
453.297
527.473
527.473
527.473
527.473
527.473
527.473
527.473
527.473
527.473
527.473
527.473
576.923
576.923
576.923
576.923
576.923
576.923
576.923
576.923
576.923
576.923
576.923
593.407
593.407
593.407
593.407
593.407
593.407
593.407
593.407
593.407
593.407
593.407
593.407
618.132
618.132
618.132
618.132
618.132
618.132
618.132
618.132
618.132
618.132
618.132
626.374
626.857
642.857
642.857
651.099
651.099
651.099
651.099
651.099
651.099
651.099
651.099
651.099
651.099
651.099
651.099